X	Y	Temperature
0	-0.0377074904784901	23.9070355369075
0.0995084355450492	-0.0377412175817782	22.5757386666092
0.199022684019182	-0.0378325569086071	21.6073034298373
0.298543516175721	-0.0379706326216953	20.6503901106286
0.398096453185076	-0.038206935262281	19.6925077194585
0.497713622764882	-0.038420795305207	18.7211351554699
0.597412575617293	-0.0384875319285998	17.714110749396
0.697026797747629	-0.0381960436103237	16.6336453806622
0.795710225412717	-0.0359892605267165	14.861600938503
0.896957812851251	-0.0380819209308237	14.879079223137
0.997352995687511	-0.0351039029038873	13.6180517004211
1.09808960322571	-0.0377152453132921	13.873357126874
1.19861847593693	-0.0346837911198606	12.7769742183852
1.29976982998146	-0.037547058432875	13.6575083282827
1.40158628059191	-0.0329985867895974	13.7371927451779
0	0.0624341592063182	23.3820636053417
0.0995718941467857	0.0623969888210831	22.5624426651122
0.199142776424515	0.062306827163243	21.6012789126105
0.298718873038107	0.0621598307423152	20.6524277530076
0.398285111644987	0.0619224960228472	19.6979482022483
0.497839837599005	0.061683076196912	18.7338922895288
0.5973862229993	0.0615578645931554	17.749390895675
0.696918543413074	0.0619047203839938	16.6957695443143
0.797197931576712	0.0621433156396975	15.8015652387099
0.897211121114881	0.0619606368854968	14.9865257408255
0.997684713858338	0.0624091654535771	14.4883995935505
1.09808271136526	0.0623637139838251	13.9872055015423
1.19857800144947	0.0626474190535572	13.8203104530003
1.29890758634972	0.0625823899328919	13.7386232740798
1.39898092364829	0.0636060366388983	13.8140161042691
0	0.162542237798797	23.3215689551925
0.099628041370439	0.16252114940599	22.5030435708682
0.199256110493541	0.162412177949248	21.601508643531
0.29887997136001	0.162283767816713	20.65737646129
0.398476089024401	0.162071591137245	19.7111085444563
0.498023752682418	0.161807963376512	18.7647475841469
0.597597366704374	0.161535229872606	17.8201894653797
0.697431518026738	0.161279897118319	16.9116369965023
0.797478941098625	0.161117362721794	16.0740166896863
0.897705563485654	0.161075862054485	15.3702473960484
0.997921722885676	0.161193343742747	14.7992451465479
1.09820802848776	0.161349797513659	14.3934849130075
1.19842344420503	0.161449695224299	14.1278208605522
1.29859912221652	0.161531896397383	14.0075094012784
1.39901688841419	0.16159910958674	13.9676540816929
0	0.262659260618453	23.3839713928146
0.0996872366333635	0.262623760785118	22.5650448129841
0.199371072950021	0.262522520512946	21.6064695793591
0.299056112085936	0.262379018909509	20.6639853930158
0.398735362307412	0.262209127178447	19.7242846620913
0.498384324211214	0.261958735364745	18.7942060103222
0.597990415621283	0.261418357344734	17.8869606034735
0.697818669740539	0.260589383476144	17.0249117990746
0.797913294430345	0.260139510969866	16.2402917357047
0.897998681819592	0.260075150227865	15.561185066311
0.998146019706515	0.260171103201923	15.0107499570512
1.0983432925354	0.2603254717419	14.596163004047
1.19857265592887	0.260466861949425	14.3179847877685
1.29876228476682	0.260300648916445	14.1612855496937
1.39912603499145	0.259736891034239	14.1123800991706
0	0.362743827342609	23.9097335558488
0.0997475958051195	0.362704852175581	22.5794186591581
0.199485653614483	0.362616366437475	21.6146441471003
0.299228447954766	0.362451830349261	20.6667349469258
0.39899397582106	0.362301160096088	19.7297561593731
0.498836013768781	0.362020865210303	18.8063621972004
0.598772124048198	0.361491112275184	17.9102388664559
0.698586252531572	0.359648075361946	17.0633919087063
0.798295082640953	0.35922213290618	16.2925681266884
0.898159688188635	0.359107124870667	15.6243759026204
0.99818698983265	0.359180300404845	15.0779855761407
1.0983780238393	0.359319797045338	14.6633126516868
1.1987597243425	0.359410208003553	14.3787201396208
1.29938061367453	0.359286246194557	14.2155817822614
1.40009793801101	0.35748316575118	14.1626332452049
0.692705777360893	-0.41	10.5581347298664
0.794016860930534	-0.41	10.456036328008
0.895287933473943	-0.41	10.1575673157162
0.996401692186464	-0.41	9.6810060190589
1.09728239619057	-0.41	9.05355902209529
1.19783796781931	-0.41	8.30579173074134
1.2977809264998	-0.41	7.47140084902447
1.39673053953447	-0.41	6.58149206850578
1.4965335698108	-0.422396776681973	5.66105596481348
1.59782736881034	-0.426056070649873	4.72576213581389
1.69880171490696	-0.427994361557151	3.78391561197801
1.79933442287907	-0.428999382435394	2.83918887145738
1.89962801932308	-0.429623017701508	1.89321086442277
1.99982499798534	-0.429990264313628	0.946702628020151
2.1	-0.43011559410142	0
0.692942831804932	-0.314243896812388	10.6622584632532
0.794246259733033	-0.314553998183783	10.5571220641021
0.895507769790798	-0.314608612696421	10.2469137618855
0.996615503529934	-0.314549975194983	9.75771226334379
1.09757220907569	-0.314468485318217	9.11383488210059
1.1983555287118	-0.314390245477079	8.34929006803665
1.29907933653258	-0.314476244443409	7.49756203726823
1.40066141683464	-0.316704843282434	6.59510939116942
1.50132381751296	-0.322341473684415	5.66706843866651
1.60068220061402	-0.326315716740209	4.72841892725816
1.70044054158674	-0.328039197339944	3.78507538893516
1.80030196967983	-0.329009613172718	2.83969262808308
1.90018571238971	-0.329623433358297	1.8934242306109
2.00008999621422	-0.329999252908752	0.946780849258321
2.1	-0.330126890832932	0
0.693646479734767	-0.218679933626696	10.9937727451227
0.794985117880296	-0.219147675833406	10.8599217234082
0.896043344857479	-0.219190566085614	10.5223714455568
0.997135097268324	-0.219134775863269	9.9835729358896
1.09827629377042	-0.219081528302796	9.30287272444749
1.19939768305846	-0.218966461649709	8.47687429319163
1.30077325705279	-0.219514437873198	7.57242500542417
1.40207846917956	-0.221241438640125	6.62811289205244
1.5028245164135	-0.224054826048913	5.68175787360023
1.60261758285811	-0.226430320696261	4.73483825611869
1.70195138504917	-0.227869320449991	3.78787774813931
1.80126963777684	-0.228795136667108	2.84090893263275
1.9007740630927	-0.229495403869729	1.89393937648835
2.00037135508534	-0.229914358143232	0.946969694524406
2.1	-0.230054647221976	0
0.695399812519673	-0.124023875517207	11.5376398412397
0.795690964989592	-0.123093645265356	11.4580980407338
0.896565479890343	-0.124123297377161	10.9011974253722
0.997847877101989	-0.1235014858823	10.4144333497195
1.09896461741193	-0.124116803856595	9.60924763469093
1.2003178726471	-0.123315940326206	8.7180163686072
1.30150071413828	-0.124392346249159	7.65174562495775
1.40283970710407	-0.12471515356328	6.66268936811005
1.50327613579725	-0.126517510432551	5.69654539722312
1.60368174291444	-0.127022455632219	4.74128031820345
1.70274379731319	-0.127470244136107	3.79068195692357
1.80198608470581	-0.128503314027183	2.84212557695963
1.90130548432823	-0.129279875879853	1.89445455492201
2.00064994351641	-0.129746184427392	0.947158544915678
2.1	-0.129898192087354	0
0.692867483662625	-0.0345650794282992	13.4171393987637
0.795598939622551	-0.0223926880547826	11.6270835288735
0.897776959473468	-0.0339983855156258	11.8056582175332
0.998291039393195	-0.0229919680674132	10.5384401612627
1.09950507776505	-0.0337943184466886	10.652106253003
1.20054037391406	-0.0230256035068161	8.78766499140638
1.30190183708145	-0.0329570014949994	7.69119442173628
1.40287651745801	-0.0245068469644404	6.67698765913384
1.50347085432935	-0.0316422815100472	5.70274607075259
1.60325042283528	-0.0266390051141295	4.74395073981366
1.7032191369977	-0.027321874928035	3.79184450305645
1.80269691053152	-0.0282348687412191	2.8426295804646
1.9018689825225	-0.0290312465411594	1.89466796304999
2.00094559801267	-0.029502453684925	0.947236770340669
2.1	-0.0296576133134917	0
